0.300000
0.090000
0.216000
0.083700
0.163080
0.070470
0.126036
0.057968
0.098809
0.047349
0.078225
0.038601
0.062375
0.031469
0.050013
0.025674
0.040277
0.020968
0.032553
0.017145
0.026390
0.014035
0.021448
0.011502
0.017470
0.009437
0.014257
0.007750
0.011654
0.006370
0.009540
0.005241
0.007821
0.004315
0.006419
0.003556
0.005273
0.002932
0.004337
0.002419
0.003570
0.001997
0.002941
0.001650
0.002425
0.001364
0.002000
0.001128
0.001651
0.000933
0.300000
0.090000
0.216000
0.105408
0.163080
0.093263
0.128327
0.079847
0.101695
0.067868
0.081467
0.057299
0.065852
0.048264
0.053577
0.040617
0.043828
0.034167
0.036017
0.028741
0.029710
0.024180
0.024587
0.020349
0.020405
0.017131
0.016976
0.014428
0.014153
0.012156
0.011822
0.010247
0.009891
0.008641
0.008288
0.007290
0.006954
0.006153
0.005842
0.005195
0.004913
0.004389
0.004135
0.003709
0.003484
0.003135
0.002938
0.002652
0.002479
0.002244
0.300000
0.090000
0.216000
0.125172
0.163080
0.114016
0.134397
0.098970
0.109343
0.086443
0.089757
0.074229
0.074750
0.063473
0.062520
0.054309
0.052556
0.046409
0.044399
0.039662
0.037628
0.033920
0.031980
0.029026
0.027246
0.024857
0.023258
0.021304
0.019888
0.018273
0.017031
0.015685
0.014603
0.013475
0.012536
0.011584
0.010771
0.009965
0.009264
0.008579
0.007973
0.007390
0.006868
0.006369
0.005919
0.005493
0.005105
0.004739
0.004405
0.004091
0.300000
0.090000
0.216000
0.142992
0.163080
0.132727
0.143125
0.115561
0.120341
0.104174
0.101237
0.090947
0.087465
0.078798
0.075241
0.068821
0.064840
0.059857
0.056271
0.052044
0.048859
0.045378
0.042488
0.039571
0.037044
0.034535
0.032330
0.030184
0.028248
0.026402
0.024715
0.023113
0.021643
0.020254
0.018969
0.017762
0.016640
0.015587
0.014608
0.013689
0.012833
0.012030
0.011280
0.010578
0.009922
0.009307
0.008731
0.008192
0.007688
0.007215
0.300000
0.090000
0.216000
0.158868
0.163080
0.149396
0.153502
0.129822
0.133416
0.121530
0.114412
0.108101
0.102895
0.094805
0.090838
0.085066
0.079836
0.075467
0.071211
0.066741
0.063199
0.059525
0.056034
0.052942
0.049958
0.047068
0.044491
0.041996
0.039628
0.037455
0.035384
0.033416
0.031596
0.029864
0.028226
0.026697
0.025248
0.023878
0.022593
0.021377
0.020228
0.019147
0.018124
0.017157
0.016246
0.015385
0.014570
0.013801
0.013073
0.012385
