0.300000
0.090000
0.216000
0.094797
0.163080
0.082122
0.126635
0.069267
0.099563
0.057950
0.079084
0.048311
0.063302
0.040229
0.050973
0.033494
0.041244
0.027894
0.033506
0.023240
0.027312
0.019373
0.022328
0.016159
0.018299
0.013485
0.015031
0.011259
0.012371
0.009406
0.010200
0.007862
0.008423
0.006574
0.006965
0.005499
0.005768
0.004602
0.004782
0.003853
0.003969
0.003227
0.003297
0.002703
0.002742
0.002265
0.002282
0.001899
0.001901
0.001593
0.300000
0.090000
0.216000
0.113984
0.164519
0.101837
0.130494
0.088154
0.104288
0.075482
0.084360
0.064180
0.068873
0.054425
0.056624
0.046097
0.046821
0.039022
0.038896
0.033032
0.032437
0.027967
0.027139
0.023687
0.022768
0.020072
0.019146
0.017017
0.016133
0.014435
0.013618
0.012252
0.011512
0.010405
0.009746
0.008842
0.008260
0.007517
0.007008
0.006395
0.005952
0.005443
0.005059
0.004635
0.004304
0.003949
0.003663
0.003366
0.003121
0.002870
0.300000
0.090000
0.216000
0.131597
0.165840
0.119934
0.137188
0.105240
0.112451
0.091965
0.093287
0.079266
0.078271
0.068128
0.066005
0.058534
0.055951
0.050262
0.047629
0.043179
0.040671
0.037122
0.034821
0.031939
0.029878
0.027505
0.025683
0.023708
0.022111
0.020454
0.019062
0.017661
0.016452
0.015262
0.014214
0.013199
0.012292
0.011424
0.010639
0.009894
0.009215
0.008574
0.007987
0.007435
0.006927
0.006451
0.006012
0.005600
0.005220
0.004864
0.300000
0.090000
0.216000
0.147635
0.167043
0.136413
0.145907
0.120588
0.123069
0.108071
0.104690
0.094477
0.090558
0.082351
0.078229
0.072007
0.067828
0.062828
0.059062
0.054867
0.051496
0.047992
0.044988
0.042006
0.039374
0.036809
0.034503
0.032292
0.030271
0.028355
0.026589
0.024921
0.023376
0.021923
0.020570
0.019300
0.018116
0.017004
0.015965
0.014991
0.014080
0.013225
0.012425
0.011674
0.010971
0.010311
0.009692
0.009112
0.008567
0.008056
0.300000
0.090000
0.216000
0.162098
0.168128
0.151274
0.155914
0.134258
0.135248
0.124064
0.117555
0.110174
0.105037
0.097439
0.092740
0.087078
0.082014
0.077292
0.073026
0.068657
0.064885
0.061198
0.057730
0.054504
0.051488
0.048595
0.045925
0.043395
0.041007
0.038767
0.036659
0.034664
0.032791
0.031024
0.029355
0.027783
0.026300
0.024898
0.023577
0.022328
0.021148
0.020034
0.018982
0.017986
0.017046
0.016156
0.015315
0.014519
0.013767
0.013054
0.300000
0.090000
0.216000
0.105408
0.163080
0.093263
0.128327
0.079847
0.101695
0.067868
0.081467
0.057299
0.065852
0.048264
0.053577
0.040617
0.043828
0.034167
0.036017
0.028741
0.029710
0.024180
0.024587
0.020349
0.020405
0.017131
0.016976
0.014428
0.014153
0.012156
0.011822
0.010247
0.009891
0.008641
0.008288
0.007290
0.006954
0.006153
0.005842
0.005195
0.004913
0.004389
0.004135
0.003709
0.003484
0.003135
0.002938
0.002652
0.002479
0.002244
0.300000
0.090000
0.216000
0.122152
0.165592
0.110091
0.133224
0.096110
0.107571
0.082901
0.087984
0.070920
0.072646
0.060505
0.060400
0.051557
0.050504
0.043914
0.042421
0.037409
0.035762
0.031880
0.030240
0.027184
0.025635
0.023195
0.021778
0.019805
0.018535
0.016923
0.015799
0.014471
0.013485
0.012383
0.011524
0.010603
0.009859
0.009086
0.008442
0.007790
0.007234
0.006683
0.006205
0.005737
0.005325
0.004927
0.004573
0.004234
0.003930
0.003640
0.300000
0.090000
0.216000
0.137652
0.167917
0.125669
0.140186
0.111262
0.115888
0.097457
0.097108
0.084359
0.082121
0.072858
0.069819
0.062885
0.059653
0.054274
0.051158
0.046873
0.044001
0.040518
0.037936
0.035058
0.032772
0.030365
0.028358
0.026325
0.024574
0.022845
0.021321
0.019844
0.018519
0.017251
0.016101
0.015009
0.014010
0.013068
0.012201
0.011386
0.010633
0.009927
0.009273
0.008660
0.008091
0.007559
0.007065
0.006602
0.006171
0.005769
0.300000
0.090000
0.216000
0.151908
0.170055
0.139996
0.148652
0.125281
0.125980
0.111923
0.108124
0.098118
0.093752
0.085907
0.081376
0.075276
0.070911
0.065916
0.061980
0.057787
0.054270
0.050723
0.047611
0.044567
0.041834
0.039204
0.036806
0.034524
0.032421
0.030432
0.028589
0.026851
0.025233
0.023712
0.022291
0.020956
0.019707
0.018534
0.017435
0.016403
0.015436
0.014527
0.013674
0.012872
0.012120
0.011413
0.010748
0.010124
0.009537
0.008985
0.300000
0.090000
0.216000
0.164920
0.172007
0.153073
0.158103
0.138145
0.137234
0.126437
0.120373
0.112383
0.107115
0.099860
0.094745
0.089065
0.084073
0.079185
0.074844
0.070512
0.066623
0.062889
0.059406
0.056112
0.053044
0.050126
0.047401
0.044827
0.042404
0.040120
0.037970
0.035939
0.034026
0.032221
0.030516
0.028907
0.027388
0.025953
0.024597
0.023315
0.022104
0.020958
0.019875
0.018850
0.017880
0.016963
0.016094
0.015271
0.014493
0.013755
0.300000
0.090000
0.216000
0.115533
0.163080
0.103895
0.130962
0.089739
0.105015
0.077313
0.085106
0.065864
0.069741
0.055928
0.057501
0.047456
0.047676
0.040236
0.039719
0.034112
0.033215
0.028928
0.027865
0.024542
0.023440
0.020831
0.019762
0.017691
0.016695
0.015034
0.014128
0.012783
0.011973
0.010877
0.010160
0.009260
0.008632
0.007888
0.007341
0.006723
0.006249
0.005733
0.005324
0.004892
0.004539
0.004176
0.003873
0.003567
0.003306
0.003048
0.300000
0.090000
0.216000
0.129912
0.166315
0.118022
0.136417
0.103655
0.111439
0.090188
0.092218
0.077610
0.077079
0.066609
0.064815
0.057119
0.054796
0.048965
0.046521
0.041992
0.039626
0.036035
0.033845
0.030947
0.028972
0.026601
0.024847
0.022885
0.021344
0.019705
0.018360
0.016981
0.015812
0.014645
0.013633
0.012640
0.011764
0.010918
0.010161
0.009437
0.008783
0.008162
0.007597
0.007063
0.006575
0.006116
0.005694
0.005299
0.004934
0.004593
0.300000
0.090000
0.216000
0.143339
0.169336
0.131214
0.143326
0.116941
0.119562
0.102924
0.101157
0.089500
0.086272
0.077684
0.073936
0.067390
0.063650
0.058470
0.054979
0.050775
0.047615
0.044137
0.041328
0.038409
0.035936
0.033460
0.031295
0.029179
0.027289
0.025472
0.023824
0.022256
0.020821
0.019463
0.018212
0.017035
0.015944
0.014920
0.013969
0.013077
0.012247
0.011470
0.010745
0.010066
0.009432
0.008838
0.008284
0.007765
0.007280
0.006825
0.300000
0.090000
0.216000
0.155813
0.172143
0.143469
0.151315
0.129534
0.128948
0.115725
0.111508
0.101800
0.097042
0.089476
0.084644
0.078632
0.074096
0.069112
0.065026
0.060816
0.057176
0.053578
0.050364
0.047256
0.044429
0.041729
0.039243
0.036888
0.034703
0.032642
0.030720
0.028911
0.027219
0.025628
0.024138
0.022737
0.021422
0.020186
0.019025
0.017933
0.016907
0.015942
0.015034
0.014180
0.013377
0.012620
0.011908
0.011237
0.010605
0.010010
0.300000
0.090000
0.216000
0.167334
0.174735
0.154789
0.160038
0.141382
0.139190
0.128657
0.122866
0.114593
0.109142
0.102106
0.096766
0.091041
0.086056
0.081096
0.076677
0.072342
0.068387
0.064605
0.061087
0.057749
0.054632
0.051680
0.048910
0.046294
0.043833
0.041509
0.039319
0.037250
0.035299
0.033456
0.031715
0.030070
0.028515
0.027045
0.025656
0.024341
0.023097
0.021919
0.020805
0.019750
0.018751
0.017804
0.016908
0.016058
0.015253
0.014490
0.300000
0.090000
0.216000
0.125172
0.163080
0.114016
0.134397
0.098970
0.109343
0.086443
0.089757
0.074229
0.074750
0.063473
0.062520
0.054309
0.052556
0.046409
0.044399
0.039662
0.037628
0.033920
0.031980
0.029026
0.027246
0.024857
0.023258
0.021304
0.019888
0.018273
0.017031
0.015685
0.014603
0.013475
0.012536
0.011584
0.010771
0.009965
0.009264
0.008579
0.007973
0.007390
0.006868
0.006369
0.005919
0.005493
0.005105
0.004739
0.004405
0.004091
0.300000
0.090000
0.216000
0.137264
0.166708
0.125624
0.139983
0.110740
0.115794
0.097384
0.096933
0.084310
0.082094
0.072804
0.069801
0.062875
0.059637
0.054267
0.051155
0.046869
0.043999
0.040517
0.037935
0.035057
0.032772
0.030364
0.028358
0.026325
0.024574
0.022845
0.021321
0.019843
0.018519
0.017251
0.016101
0.015009
0.014010
0.013068
0.012201
0.011386
0.010633
0.009927
0.009273
0.008660
0.008091
0.007559
0.007065
0.006602
0.006171
0.005769
0.300000
0.090000
0.216000
0.148656
0.170125
0.136560
0.146546
0.122193
0.123397
0.108357
0.105353
0.094678
0.090691
0.082607
0.078325
0.072066
0.067926
0.062870
0.059087
0.054905
0.051514
0.048002
0.045002
0.042014
0.039378
0.036814
0.034506
0.032293
0.030274
0.028356
0.026590
0.024922
0.023377
0.021923
0.020571
0.019300
0.018116
0.017004
0.015966
0.014991
0.014080
0.013225
0.012425
0.011674
0.010971
0.010311
0.009692
0.009112
0.008567
0.008056
0.300000
0.090000
0.216000
0.159348
0.173333
0.146824
0.153854
0.133263
0.131881
0.119459
0.114789
0.105461
0.100404
0.093047
0.088001
0.082070
0.077382
0.072406
0.068198
0.063958
0.060213
0.056561
0.053252
0.050079
0.047162
0.044391
0.041821
0.039391
0.037126
0.034989
0.032991
0.031108
0.029343
0.027681
0.026120
0.024650
0.023268
0.021967
0.020743
0.019590
0.018503
0.017480
0.016515
0.015606
0.014749
0.013941
0.013179
0.012460
0.011781
0.011141
0.300000
0.090000
0.216000
0.169340
0.176330
0.156417
0.161688
0.143891
0.140988
0.130719
0.125011
0.116693
0.111101
0.104196
0.098743
0.092997
0.087985
0.082997
0.078520
0.074167
0.070165
0.066344
0.062788
0.059412
0.056253
0.053263
0.050454
0.047799
0.045298
0.042935
0.040707
0.038600
0.036611
0.034731
0.032953
0.031272
0.029682
0.028178
0.026754
0.025405
0.024129
0.022919
0.021773
0.020688
0.019659
0.018683
0.017758
0.016881
0.016049
0.015259
0.300000
0.090000
0.216000
0.134325
0.163080
0.123626
0.138494
0.107569
0.114506
0.095372
0.095199
0.082556
0.080706
0.071064
0.068473
0.061383
0.058315
0.052902
0.049937
0.045596
0.042854
0.039358
0.036859
0.033992
0.031777
0.029384
0.027437
0.025427
0.023725
0.022023
0.020541
0.019091
0.017805
0.016564
0.015448
0.014383
0.013415
0.012498
0.011659
0.010868
0.010140
0.009456
0.008825
0.008233
0.007685
0.007172
0.006696
0.006251
0.005838
0.005451
0.300000
0.090000
0.216000
0.144207
0.166786
0.132891
0.143833
0.117324
0.120544
0.104506
0.101996
0.091060
0.087615
0.079119
0.075297
0.068887
0.064976
0.059884
0.056300
0.052101
0.048871
0.045391
0.042512
0.039577
0.037049
0.034545
0.032332
0.030187
0.028252
0.026403
0.024716
0.023115
0.021643
0.020254
0.018970
0.017762
0.016640
0.015588
0.014608
0.013689
0.012833
0.012030
0.011280
0.010578
0.009922
0.009307
0.008731
0.008192
0.007688
0.007215
0.300000
0.090000
0.216000
0.153603
0.170309
0.141699
0.149789
0.126952
0.127335
0.113734
0.109600
0.099873
0.095336
0.087601
0.082954
0.076919
0.072456
0.067481
0.063476
0.059274
0.055699
0.052130
0.048965
0.045892
0.043112
0.040448
0.038006
0.035688
0.033544
0.031520
0.029637
0.027864
0.026209
0.024653
0.023198
0.021830
0.020548
0.019344
0.018215
0.017153
0.016156
0.015220
0.014340
0.013512
0.012734
0.012003
0.011315
0.010667
0.010058
0.009485
0.300000
0.090000
0.216000
0.162513
0.173650
0.150052
0.156231
0.136399
0.134720
0.123099
0.117900
0.109051
0.103809
0.096589
0.091410
0.085574
0.080750
0.075788
0.071486
0.067210
0.063375
0.059672
0.056275
0.053036
0.050037
0.047193
0.044542
0.042038
0.039693
0.037482
0.035406
0.033450
0.031610
0.029876
0.028244
0.026705
0.025255
0.023887
0.022597
0.021381
0.020233
0.019149
0.018126
0.017160
0.016247
0.015385
0.014571
0.013801
0.013074
0.012386
0.300000
0.090000
0.216000
0.170937
0.176809
0.157950
0.163030
0.145615
0.142549
0.132609
0.126774
0.118606
0.112970
0.106122
0.100631
0.094911
0.089862
0.084870
0.080361
0.075987
0.071951
0.068103
0.064510
0.061101
0.057905
0.054880
0.052032
0.049340
0.046801
0.044401
0.042134
0.039991
0.037964
0.036047
0.034233
0.032516
0.030891
0.029351
0.027893
0.026511
0.025201
0.023959
0.022782
0.021665
0.020606
0.019600
0.018646
0.017741
0.016881
0.016065
0.300000
0.090000
0.216000
0.142992
0.163080
0.132727
0.143125
0.115561
0.120341
0.104174
0.101237
0.090947
0.087465
0.078798
0.075241
0.068821
0.064840
0.059857
0.056271
0.052044
0.048859
0.045378
0.042488
0.039571
0.037044
0.034535
0.032330
0.030184
0.028248
0.026402
0.024715
0.023113
0.021643
0.020254
0.018969
0.017762
0.016640
0.015587
0.014608
0.013689
0.012833
0.012030
0.011280
0.010578
0.009922
0.009307
0.008731
0.008192
0.007688
0.007215
0.300000
0.090000
0.216000
0.150742
0.166568
0.139818
0.147885
0.123377
0.125605
0.111552
0.107275
0.097879
0.093569
0.085546
0.081251
0.075190
0.070758
0.065856
0.061941
0.057723
0.054242
0.050705
0.047584
0.044554
0.041826
0.039193
0.036800
0.034520
0.032416
0.030430
0.028587
0.026849
0.025232
0.023711
0.022290
0.020955
0.019707
0.018534
0.017435
0.016403
0.015435
0.014527
0.013674
0.012872
0.012120
0.011413
0.010748
0.010124
0.009537
0.008985
0.300000
0.090000
0.216000
0.158181
0.169915
0.146625
0.153003
0.131165
0.131332
0.119026
0.113799
0.105069
0.100162
0.092619
0.087787
0.081944
0.077198
0.072302
0.068136
0.063879
0.060164
0.056532
0.053218
0.050057
0.047149
0.044376
0.041811
0.039385
0.037119
0.034985
0.032988
0.031105
0.029341
0.027679
0.026119
0.024649
0.023268
0.021967
0.020742
0.019589
0.018503
0.017480
0.016515
0.015606
0.014749
0.013941
0.013179
0.012460
0.011781
0.011141
0.300000
0.090000
0.216000
0.165309
0.173123
0.153147
0.158411
0.138890
0.137439
0.126610
0.120763
0.112542
0.107221
0.100048
0.094840
0.089125
0.084164
0.079237
0.074877
0.070555
0.066651
0.062906
0.059426
0.056126
0.053053
0.050136
0.047408
0.044832
0.042409
0.040123
0.037972
0.035942
0.034028
0.032222
0.030518
0.028908
0.027389
0.025954
0.024597
0.023316
0.022104
0.020959
0.019875
0.018850
0.017880
0.016963
0.016094
0.015272
0.014493
0.013755
0.300000
0.090000
0.216000
0.172126
0.176190
0.159384
0.164046
0.146518
0.143847
0.134305
0.128110
0.120300
0.114723
0.107852
0.102400
0.096765
0.091663
0.086694
0.082185
0.077790
0.073732
0.069871
0.066246
0.062809
0.059584
0.056525
0.053642
0.050916
0.048341
0.045904
0.043602
0.041421
0.039358
0.037405
0.035555
0.033802
0.032141
0.030566
0.029073
0.027658
0.026315
0.025040
0.023831
0.022683
0.021593
0.020557
0.019574
0.018640
0.017752
0.016909
0.300000
0.090000
0.216000
0.151173
0.163080
0.141317
0.148167
0.122971
0.126693
0.112890
0.107694
0.099457
0.094901
0.086713
0.082727
0.076704
0.072043
0.067365
0.063371
0.059082
0.055640
0.052079
0.048876
0.045863
0.043088
0.040406
0.037992
0.035677
0.033525
0.031513
0.029632
0.027855
0.026206
0.024651
0.023194
0.021828
0.020547
0.019342
0.018214
0.017152
0.016155
0.015219
0.014339
0.013512
0.012734
0.012003
0.011314
0.010667
0.010058
0.009485
0.300000
0.090000
0.216000
0.156869
0.166070
0.146400
0.152061
0.128876
0.130897
0.118509
0.112639
0.104767
0.099878
0.092050
0.087610
0.081795
0.076921
0.072204
0.068060
0.063745
0.060111
0.056493
0.053153
0.050028
0.047129
0.044345
0.041796
0.039375
0.037104
0.034977
0.032983
0.031098
0.029337
0.027677
0.026115
0.024647
0.023267
0.021965
0.020741
0.019589
0.018502
0.017479
0.016515
0.015606
0.014749
0.013941
0.013179
0.012460
0.011781
0.011141
0.300000
0.090000
0.216000
0.162390
0.168969
0.151328
0.156136
0.134792
0.135356
0.124195
0.117845
0.110253
0.105113
0.097591
0.092791
0.087121
0.082093
0.077322
0.073050
0.068698
0.064902
0.061211
0.057751
0.054514
0.051495
0.048606
0.045930
0.043399
0.041012
0.038770
0.036661
0.034667
0.032793
0.031025
0.029357
0.027784
0.026301
0.024899
0.023577
0.022329
0.021149
0.020035
0.018982
0.017987
0.017046
0.016157
0.015315
0.014520
0.013767
0.013054
0.300000
0.090000
0.216000
0.167736
0.171776
0.156099
0.160365
0.140702
0.140035
0.129952
0.123294
0.115925
0.110603
0.103347
0.098269
0.092699
0.087565
0.082734
0.078353
0.073960
0.070024
0.066254
0.062686
0.059339
0.056205
0.053213
0.050416
0.047774
0.045273
0.042916
0.040693
0.038588
0.036601
0.034724
0.032947
0.031267
0.029679
0.028175
0.026751
0.025403
0.024127
0.022918
0.021773
0.020687
0.019658
0.018683
0.017758
0.016880
0.016048
0.015259
0.300000
0.090000
0.216000
0.172907
0.174490
0.160714
0.164720
0.146587
0.144899
0.135780
0.128966
0.121782
0.116339
0.109325
0.104042
0.098542
0.093341
0.088453
0.083980
0.079545
0.075492
0.071639
0.067975
0.064523
0.061280
0.058187
0.055275
0.052522
0.049911
0.047441
0.045105
0.042889
0.040790
0.038802
0.036916
0.035128
0.033433
0.031823
0.030296
0.028847
0.027470
0.026163
0.024922
0.023742
0.022621
0.021555
0.020542
0.019579
0.018663
0.017792
0.300000
0.090000
0.216000
0.158868
0.163080
0.149396
0.153502
0.129822
0.133416
0.121530
0.114412
0.108101
0.102895
0.094805
0.090838
0.085066
0.079836
0.075467
0.071211
0.066741
0.063199
0.059525
0.056034
0.052942
0.049958
0.047068
0.044491
0.041996
0.039628
0.037455
0.035384
0.033416
0.031596
0.029864
0.028226
0.026697
0.025248
0.023878
0.022593
0.021377
0.020228
0.019147
0.018124
0.017157
0.016246
0.015385
0.014570
0.013801
0.013073
0.012385
0.300000
0.090000
0.216000
0.162588
0.165312
0.152632
0.156288
0.133806
0.136345
0.125346
0.117969
0.111713
0.106459
0.098570
0.094318
0.088688
0.083383
0.078928
0.074632
0.070144
0.066473
0.062770
0.059209
0.056025
0.052978
0.050022
0.047351
0.044790
0.042348
0.040092
0.037950
0.035909
0.034011
0.032209
0.030500
0.028899
0.027382
0.025944
0.024592
0.023312
0.022099
0.020956
0.019873
0.018847
0.017879
0.016962
0.016093
0.015271
0.014492
0.013755
0.300000
0.090000
0.216000
0.166229
0.167497
0.155801
0.159145
0.137805
0.139387
0.129196
0.121637
0.115417
0.110131
0.102433
0.097933
0.092418
0.087062
0.082525
0.078189
0.073684
0.069898
0.066159
0.062536
0.059264
0.056151
0.053131
0.050372
0.047742
0.045228
0.042890
0.040676
0.038563
0.036587
0.034714
0.032934
0.031259
0.029673
0.028167
0.026746
0.025400
0.024123
0.022915
0.021771
0.020685
0.019656
0.018682
0.017756
0.016880
0.016048
0.015258
0.300000
0.090000
0.216000
0.169793
0.169635
0.158901
0.162067
0.141814
0.142533
0.133080
0.125411
0.119214
0.113910
0.106396
0.101685
0.096262
0.090876
0.086261
0.081887
0.077367
0.073477
0.069698
0.066018
0.062663
0.059484
0.056402
0.053559
0.050860
0.048275
0.045858
0.043569
0.041385
0.039332
0.037386
0.035535
0.033787
0.032130
0.030556
0.029065
0.027652
0.026309
0.025036
0.023827
0.022679
0.021590
0.020556
0.019572
0.018639
0.017751
0.016908
0.300000
0.090000
0.216000
0.173280
0.171727
0.161934
0.165044
0.145826
0.145771
0.136998
0.129285
0.123105
0.117797
0.110462
0.105572
0.100225
0.094825
0.090139
0.085729
0.081197
0.077216
0.073393
0.069661
0.066228
0.062984
0.059842
0.056919
0.054149
0.051496
0.049001
0.046639
0.044384
0.042255
0.040236
0.038313
0.036492
0.034764
0.033120
0.031559
0.030077
0.028667
0.027328
0.026054
0.024843
0.023691
0.022595
0.021552
0.020559
0.019615
0.018715
0.300000
0.090000
0.216000
0.166077
0.163080
0.156966
0.159023
0.136136
0.140373
0.130080
0.121249
0.116856
0.111328
0.103031
0.099479
0.093900
0.088126
0.084166
0.079757
0.075011
0.071532
0.067748
0.063959
0.060855
0.057698
0.054567
0.051889
0.049219
0.046623
0.044317
0.042064
0.039889
0.037916
0.036006
0.034174
0.032488
0.030867
0.029317
0.027876
0.026497
0.025181
0.023949
0.022773
0.021653
0.020600
0.019596
0.018640
0.017738
0.016879
0.016061
0.300000
0.090000
0.216000
0.167898
0.164309
0.158509
0.160498
0.138158
0.141879
0.132027
0.123151
0.118693
0.113224
0.105025
0.101317
0.095829
0.090049
0.086013
0.081618
0.076870
0.073314
0.069532
0.065720
0.062557
0.059382
0.056223
0.053491
0.050797
0.048168
0.045815
0.043531
0.041321
0.039305
0.037363
0.035496
0.033770
0.032116
0.030532
0.029055
0.027643
0.026295
0.025029
0.023822
0.022671
0.021586
0.020552
0.019567
0.018636
0.017749
0.016905
0.300000
0.090000
0.216000
0.169699
0.165525
0.160036
0.161988
0.140187
0.143414
0.133983
0.125079
0.120556
0.115145
0.107046
0.103190
0.097786
0.092006
0.087896
0.083512
0.078765
0.075137
0.071353
0.067520
0.064301
0.061105
0.057920
0.055137
0.052416
0.049755
0.047356
0.045041
0.042797
0.040739
0.038763
0.036863
0.035097
0.033409
0.031792
0.030277
0.028833
0.027452
0.026152
0.024913
0.023731
0.022614
0.021550
0.020536
0.019575
0.018660
0.017788
0.300000
0.090000
0.216000
0.171481
0.166728
0.161546
0.163494
0.142221
0.144978
0.135947
0.127032
0.122445
0.117091
0.109092
0.105098
0.099771
0.093996
0.089816
0.085441
0.080697
0.077001
0.073212
0.069361
0.066088
0.062871
0.059661
0.056828
0.054078
0.051387
0.048943
0.046595
0.044319
0.042218
0.040209
0.038274
0.036469
0.034747
0.033096
0.031545
0.030067
0.028653
0.027319
0.026048
0.024834
0.023685
0.022591
0.021547
0.020556
0.019612
0.018712
0.300000
0.090000
0.216000
0.173244
0.167918
0.163040
0.165013
0.144260
0.146567
0.137921
0.129011
0.124360
0.119062
0.111164
0.107042
0.101784
0.096021
0.091774
0.087406
0.082666
0.078906
0.075110
0.071242
0.067918
0.064678
0.061444
0.058564
0.055785
0.053063
0.050576
0.048195
0.045886
0.043744
0.041701
0.039732
0.037888
0.036132
0.034447
0.032859
0.031347
0.029900
0.028531
0.027228
0.025982
0.024801
0.023676
0.022601
0.021580
0.020607
0.019679
0.300000
0.090000
0.216000
0.172800
0.163080
0.164025
0.164627
0.141933
0.147434
0.138505
0.128083
0.125672
0.120078
0.111325
0.108544
0.103158
0.096807
0.093423
0.088957
0.083841
0.080607
0.076747
0.072622
0.069620
0.066329
0.062917
0.060227
0.057405
0.054555
0.052176
0.049754
0.047350
0.045264
0.043182
0.041140
0.039318
0.037526
0.035781
0.034196
0.032650
0.031153
0.029774
0.028438
0.027150
0.025952
0.024796
0.023684
0.022642
0.021640
0.020678
0.300000
0.090000
0.216000
0.172800
0.163080
0.164025
0.164627
0.141933
0.147434
0.138505
0.128083
0.125672
0.120078
0.111325
0.108544
0.103158
0.096807
0.093423
0.088957
0.083841
0.080607
0.076747
0.072622
0.069620
0.066329
0.062917
0.060227
0.057405
0.054555
0.052176
0.049754
0.047350
0.045264
0.043182
0.041140
0.039318
0.037526
0.035781
0.034196
0.032650
0.031153
0.029774
0.028438
0.027150
0.025952
0.024796
0.023684
0.022642
0.021640
0.020678
0.300000
0.090000
0.216000
0.172800
0.163080
0.164025
0.164627
0.141933
0.147434
0.138505
0.128083
0.125672
0.120078
0.111325
0.108544
0.103158
0.096807
0.093423
0.088957
0.083841
0.080607
0.076747
0.072622
0.069620
0.066329
0.062917
0.060227
0.057405
0.054555
0.052176
0.049754
0.047350
0.045264
0.043182
0.041140
0.039318
0.037526
0.035781
0.034196
0.032650
0.031153
0.029774
0.028438
0.027150
0.025952
0.024796
0.023684
0.022642
0.021640
0.020678
0.300000
0.090000
0.216000
0.172800
0.163080
0.164025
0.164627
0.141933
0.147434
0.138505
0.128083
0.125672
0.120078
0.111325
0.108544
0.103158
0.096807
0.093423
0.088957
0.083841
0.080607
0.076747
0.072622
0.069620
0.066329
0.062917
0.060227
0.057405
0.054555
0.052176
0.049754
0.047350
0.045264
0.043182
0.041140
0.039318
0.037526
0.035781
0.034196
0.032650
0.031153
0.029774
0.028438
0.027150
0.025952
0.024796
0.023684
0.022642
0.021640
0.020678
0.300000
0.090000
0.216000
0.172800
0.163080
0.164025
0.164627
0.141933
0.147434
0.138505
0.128083
0.125672
0.120078
0.111325
0.108544
0.103158
0.096807
0.093423
0.088957
0.083841
0.080607
0.076747
0.072622
0.069620
0.066329
0.062917
0.060227
0.057405
0.054555
0.052176
0.049754
0.047350
0.045264
0.043182
0.041140
0.039318
0.037526
0.035781
0.034196
0.032650
0.031153
0.029774
0.028438
0.027150
0.025952
0.024796
0.023684
0.022642
0.021640
0.020678
